1129 1257
64 64 65

2 1 0 0 128 XOR
2 1 128 128 504 XOR
2 1 62 126 503 XOR
2 1 61 125 502 XOR
2 1 60 124 501 XOR
2 1 59 123 500 XOR
2 1 58 122 499 XOR
2 1 57 121 498 XOR
2 1 56 120 497 XOR
2 1 55 119 496 XOR
2 1 54 118 495 XOR
2 1 53 117 494 XOR
2 1 52 116 493 XOR
2 1 51 115 492 XOR
2 1 50 114 491 XOR
2 1 49 113 490 XOR
2 1 48 112 489 XOR
2 1 47 111 488 XOR
2 1 46 110 487 XOR
2 1 45 109 486 XOR
2 1 44 108 485 XOR
2 1 43 107 484 XOR
2 1 42 106 483 XOR
2 1 41 105 482 XOR
2 1 40 104 481 XOR
2 1 39 103 480 XOR
2 1 38 102 479 XOR
2 1 37 101 478 XOR
2 1 36 100 477 XOR
2 1 35 99 476 XOR
2 1 34 98 475 XOR
2 1 33 97 474 XOR
2 1 32 96 473 XOR
2 1 31 95 472 XOR
2 1 30 94 471 XOR
2 1 29 93 470 XOR
2 1 28 92 469 XOR
2 1 27 91 468 XOR
2 1 26 90 467 XOR
2 1 25 89 466 XOR
2 1 24 88 465 XOR
2 1 23 87 464 XOR
2 1 22 86 463 XOR
2 1 21 85 462 XOR
2 1 20 84 461 XOR
2 1 19 83 460 XOR
2 1 18 82 459 XOR
2 1 17 81 458 XOR
2 1 16 80 457 XOR
2 1 15 79 456 XOR
2 1 14 78 455 XOR
2 1 13 77 454 XOR
2 1 12 76 453 XOR
2 1 11 75 452 XOR
2 1 10 74 451 XOR
2 1 9 73 450 XOR
2 1 8 72 449 XOR
2 1 7 71 448 XOR
2 1 6 70 447 XOR
2 1 5 69 446 XOR
2 1 4 68 445 XOR
2 1 3 67 444 XOR
2 1 2 66 443 XOR
2 1 1 65 442 XOR
2 1 0 64 1192 XOR
2 1 0 64 505 AND
2 1 65 505 257 XOR
2 1 1 505 256 XOR
2 1 256 257 258 AND
2 1 258 505 506 XOR
2 1 66 506 260 XOR
2 1 2 506 259 XOR
2 1 259 260 261 AND
2 1 261 506 507 XOR
2 1 67 507 263 XOR
2 1 3 507 262 XOR
2 1 262 263 264 AND
2 1 264 507 508 XOR
2 1 68 508 266 XOR
2 1 4 508 265 XOR
2 1 265 266 267 AND
2 1 267 508 509 XOR
2 1 69 509 269 XOR
2 1 5 509 268 XOR
2 1 268 269 270 AND
2 1 270 509 510 XOR
2 1 70 510 272 XOR
2 1 6 510 271 XOR
2 1 271 272 273 AND
2 1 273 510 511 XOR
2 1 71 511 275 XOR
2 1 7 511 274 XOR
2 1 274 275 276 AND
2 1 276 511 512 XOR
2 1 72 512 278 XOR
2 1 8 512 277 XOR
2 1 277 278 279 AND
2 1 279 512 513 XOR
2 1 73 513 281 XOR
2 1 9 513 280 XOR
2 1 280 281 282 AND
2 1 282 513 514 XOR
2 1 74 514 284 XOR
2 1 10 514 283 XOR
2 1 283 284 285 AND
2 1 285 514 515 XOR
2 1 75 515 287 XOR
2 1 11 515 286 XOR
2 1 286 287 288 AND
2 1 288 515 516 XOR
2 1 76 516 290 XOR
2 1 12 516 289 XOR
2 1 289 290 291 AND
2 1 291 516 517 XOR
2 1 77 517 293 XOR
2 1 13 517 292 XOR
2 1 292 293 294 AND
2 1 294 517 518 XOR
2 1 78 518 296 XOR
2 1 14 518 295 XOR
2 1 295 296 297 AND
2 1 297 518 519 XOR
2 1 79 519 299 XOR
2 1 15 519 298 XOR
2 1 298 299 300 AND
2 1 300 519 520 XOR
2 1 80 520 302 XOR
2 1 16 520 301 XOR
2 1 301 302 303 AND
2 1 303 520 521 XOR
2 1 81 521 305 XOR
2 1 17 521 304 XOR
2 1 304 305 306 AND
2 1 306 521 522 XOR
2 1 82 522 308 XOR
2 1 18 522 307 XOR
2 1 307 308 309 AND
2 1 309 522 523 XOR
2 1 83 523 311 XOR
2 1 19 523 310 XOR
2 1 310 311 312 AND
2 1 312 523 524 XOR
2 1 84 524 314 XOR
2 1 20 524 313 XOR
2 1 313 314 315 AND
2 1 315 524 525 XOR
2 1 85 525 317 XOR
2 1 21 525 316 XOR
2 1 316 317 318 AND
2 1 318 525 526 XOR
2 1 86 526 320 XOR
2 1 22 526 319 XOR
2 1 319 320 321 AND
2 1 321 526 527 XOR
2 1 87 527 323 XOR
2 1 23 527 322 XOR
2 1 322 323 324 AND
2 1 324 527 528 XOR
2 1 88 528 326 XOR
2 1 24 528 325 XOR
2 1 325 326 327 AND
2 1 327 528 529 XOR
2 1 89 529 329 XOR
2 1 25 529 328 XOR
2 1 328 329 330 AND
2 1 330 529 530 XOR
2 1 90 530 332 XOR
2 1 26 530 331 XOR
2 1 331 332 333 AND
2 1 333 530 531 XOR
2 1 91 531 335 XOR
2 1 27 531 334 XOR
2 1 334 335 336 AND
2 1 336 531 532 XOR
2 1 469 532 1220 XOR
2 1 92 532 338 XOR
2 1 28 532 337 XOR
2 1 337 338 339 AND
2 1 339 532 533 XOR
2 1 470 533 1221 XOR
2 1 468 531 1219 XOR
2 1 93 533 341 XOR
2 1 29 533 340 XOR
2 1 340 341 342 AND
2 1 342 533 534 XOR
2 1 471 534 1222 XOR
2 1 467 530 1218 XOR
2 1 94 534 344 XOR
2 1 30 534 343 XOR
2 1 343 344 345 AND
2 1 345 534 535 XOR
2 1 466 529 1217 XOR
2 1 31 535 346 XOR
2 1 472 535 1223 XOR
2 1 465 528 1216 XOR
2 1 95 535 347 XOR
2 1 346 347 348 AND
2 1 348 535 536 XOR
2 1 473 536 1224 XOR
2 1 464 527 1215 XOR
2 1 96 536 350 XOR
2 1 32 536 349 XOR
2 1 349 350 351 AND
2 1 351 536 537 XOR
2 1 474 537 1225 XOR
2 1 463 526 1214 XOR
2 1 97 537 353 XOR
2 1 33 537 352 XOR
2 1 352 353 354 AND
2 1 354 537 538 XOR
2 1 475 538 1226 XOR
2 1 462 525 1213 XOR
2 1 98 538 356 XOR
2 1 34 538 355 XOR
2 1 355 356 357 AND
2 1 357 538 539 XOR
2 1 461 524 1212 XOR
2 1 35 539 358 XOR
2 1 476 539 1227 XOR
2 1 460 523 1211 XOR
2 1 99 539 359 XOR
2 1 358 359 360 AND
2 1 360 539 540 XOR
2 1 477 540 1228 XOR
2 1 459 522 1210 XOR
2 1 100 540 362 XOR
2 1 36 540 361 XOR
2 1 361 362 363 AND
2 1 363 540 541 XOR
2 1 478 541 1229 XOR
2 1 458 521 1209 XOR
2 1 101 541 365 XOR
2 1 37 541 364 XOR
2 1 364 365 366 AND
2 1 366 541 542 XOR
2 1 479 542 1230 XOR
2 1 457 520 1208 XOR
2 1 102 542 368 XOR
2 1 38 542 367 XOR
2 1 367 368 369 AND
2 1 369 542 543 XOR
2 1 456 519 1207 XOR
2 1 39 543 370 XOR
2 1 480 543 1231 XOR
2 1 455 518 1206 XOR
2 1 103 543 371 XOR
2 1 370 371 372 AND
2 1 372 543 544 XOR
2 1 481 544 1232 XOR
2 1 454 517 1205 XOR
2 1 104 544 374 XOR
2 1 40 544 373 XOR
2 1 373 374 375 AND
2 1 375 544 545 XOR
2 1 482 545 1233 XOR
2 1 453 516 1204 XOR
2 1 105 545 377 XOR
2 1 41 545 376 XOR
2 1 376 377 378 AND
2 1 378 545 546 XOR
2 1 483 546 1234 XOR
2 1 452 515 1203 XOR
2 1 106 546 380 XOR
2 1 42 546 379 XOR
2 1 379 380 381 AND
2 1 381 546 547 XOR
2 1 451 514 1202 XOR
2 1 43 547 382 XOR
2 1 484 547 1235 XOR
2 1 450 513 1201 XOR
2 1 107 547 383 XOR
2 1 382 383 384 AND
2 1 384 547 548 XOR
2 1 485 548 1236 XOR
2 1 449 512 1200 XOR
2 1 108 548 386 XOR
2 1 44 548 385 XOR
2 1 385 386 387 AND
2 1 387 548 549 XOR
2 1 486 549 1237 XOR
2 1 448 511 1199 XOR
2 1 109 549 389 XOR
2 1 45 549 388 XOR
2 1 388 389 390 AND
2 1 390 549 550 XOR
2 1 487 550 1238 XOR
2 1 447 510 1198 XOR
2 1 110 550 392 XOR
2 1 46 550 391 XOR
2 1 391 392 393 AND
2 1 393 550 551 XOR
2 1 446 509 1197 XOR
2 1 47 551 394 XOR
2 1 488 551 1239 XOR
2 1 445 508 1196 XOR
2 1 111 551 395 XOR
2 1 394 395 396 AND
2 1 396 551 552 XOR
2 1 489 552 1240 XOR
2 1 444 507 1195 XOR
2 1 112 552 398 XOR
2 1 48 552 397 XOR
2 1 397 398 399 AND
2 1 399 552 553 XOR
2 1 490 553 1241 XOR
2 1 443 506 1194 XOR
2 1 113 553 401 XOR
2 1 49 553 400 XOR
2 1 400 401 402 AND
2 1 402 553 554 XOR
2 1 491 554 1242 XOR
2 1 442 505 1193 XOR
2 1 114 554 404 XOR
2 1 50 554 403 XOR
2 1 403 404 405 AND
2 1 405 554 555 XOR
2 1 115 555 407 XOR
2 1 51 555 406 XOR
2 1 406 407 408 AND
2 1 408 555 556 XOR
2 1 116 556 410 XOR
2 1 52 556 409 XOR
2 1 409 410 411 AND
2 1 411 556 557 XOR
2 1 117 557 413 XOR
2 1 53 557 412 XOR
2 1 412 413 414 AND
2 1 414 557 558 XOR
2 1 118 558 416 XOR
2 1 54 558 415 XOR
2 1 415 416 417 AND
2 1 417 558 559 XOR
2 1 119 559 419 XOR
2 1 55 559 418 XOR
2 1 418 419 420 AND
2 1 420 559 560 XOR
2 1 120 560 422 XOR
2 1 56 560 421 XOR
2 1 421 422 423 AND
2 1 423 560 561 XOR
2 1 498 561 1249 XOR
2 1 121 561 425 XOR
2 1 57 561 424 XOR
2 1 424 425 426 AND
2 1 426 561 562 XOR
2 1 499 562 1250 XOR
2 1 497 560 1248 XOR
2 1 122 562 428 XOR
2 1 58 562 427 XOR
2 1 427 428 429 AND
2 1 429 562 563 XOR
2 1 500 563 1251 XOR
2 1 496 559 1247 XOR
2 1 123 563 431 XOR
2 1 59 563 430 XOR
2 1 430 431 432 AND
2 1 432 563 564 XOR
2 1 495 558 1246 XOR
2 1 60 564 433 XOR
2 1 501 564 1252 XOR
2 1 494 557 1245 XOR
2 1 124 564 434 XOR
2 1 433 434 435 AND
2 1 435 564 565 XOR
2 1 502 565 1253 XOR
2 1 493 556 1244 XOR
2 1 125 565 437 XOR
2 1 61 565 436 XOR
2 1 436 437 438 AND
2 1 438 565 566 XOR
2 1 503 566 1254 XOR
2 1 492 555 1243 XOR
2 1 126 566 440 XOR
2 1 62 566 439 XOR
2 1 439 440 441 AND
2 1 441 566 567 XOR
2 1 504 567 129 XOR
2 1 128 128 816 XOR
2 1 128 128 815 XOR
2 1 128 128 814 XOR
2 1 128 128 813 XOR
2 1 128 128 812 XOR
2 1 128 128 811 XOR
2 1 128 128 810 XOR
2 1 128 128 809 XOR
2 1 128 128 808 XOR
2 1 128 128 807 XOR
2 1 128 128 806 XOR
2 1 128 128 805 XOR
2 1 128 128 804 XOR
2 1 128 128 803 XOR
2 1 128 128 802 XOR
2 1 128 128 801 XOR
2 1 128 128 800 XOR
2 1 128 128 799 XOR
2 1 128 128 798 XOR
2 1 128 128 797 XOR
2 1 128 128 796 XOR
2 1 128 128 795 XOR
2 1 128 128 794 XOR
2 1 128 128 793 XOR
2 1 128 128 792 XOR
2 1 128 128 791 XOR
2 1 128 128 790 XOR
2 1 128 128 789 XOR
2 1 128 128 788 XOR
2 1 128 128 787 XOR
2 1 128 128 786 XOR
2 1 128 128 785 XOR
2 1 128 128 784 XOR
2 1 128 128 783 XOR
2 1 128 128 782 XOR
2 1 128 128 781 XOR
2 1 128 128 780 XOR
2 1 128 128 779 XOR
2 1 128 128 778 XOR
2 1 128 128 777 XOR
2 1 128 128 776 XOR
2 1 128 128 775 XOR
2 1 128 128 774 XOR
2 1 128 128 773 XOR
2 1 128 128 772 XOR
2 1 128 128 771 XOR
2 1 128 128 770 XOR
2 1 128 128 769 XOR
2 1 128 128 768 XOR
2 1 128 128 767 XOR
2 1 128 128 766 XOR
2 1 128 128 765 XOR
2 1 128 128 764 XOR
2 1 128 128 763 XOR
2 1 128 128 762 XOR
2 1 128 128 761 XOR
2 1 128 128 760 XOR
2 1 128 128 759 XOR
2 1 128 128 758 XOR
2 1 128 128 757 XOR
2 1 128 128 756 XOR
2 1 128 128 755 XOR
2 1 128 128 754 XOR
2 1 63 129 130 XOR
2 1 63 129 817 AND
2 1 128 817 569 XOR
2 1 128 817 568 XOR
2 1 568 569 570 AND
2 1 570 817 818 XOR
2 1 128 818 572 XOR
2 1 128 818 571 XOR
2 1 571 572 573 AND
2 1 573 818 819 XOR
2 1 128 819 575 XOR
2 1 128 819 574 XOR
2 1 574 575 576 AND
2 1 576 819 820 XOR
2 1 128 820 578 XOR
2 1 128 820 577 XOR
2 1 577 578 579 AND
2 1 579 820 821 XOR
2 1 128 821 581 XOR
2 1 128 821 580 XOR
2 1 580 581 582 AND
2 1 582 821 822 XOR
2 1 128 822 584 XOR
2 1 128 822 583 XOR
2 1 583 584 585 AND
2 1 585 822 823 XOR
2 1 128 823 587 XOR
2 1 128 823 586 XOR
2 1 586 587 588 AND
2 1 588 823 824 XOR
2 1 128 824 590 XOR
2 1 128 824 589 XOR
2 1 589 590 591 AND
2 1 591 824 825 XOR
2 1 128 825 593 XOR
2 1 128 825 592 XOR
2 1 592 593 594 AND
2 1 594 825 826 XOR
2 1 128 826 596 XOR
2 1 128 826 595 XOR
2 1 595 596 597 AND
2 1 597 826 827 XOR
2 1 128 827 599 XOR
2 1 128 827 598 XOR
2 1 598 599 600 AND
2 1 600 827 828 XOR
2 1 128 828 602 XOR
2 1 128 828 601 XOR
2 1 601 602 603 AND
2 1 603 828 829 XOR
2 1 128 829 605 XOR
2 1 128 829 604 XOR
2 1 604 605 606 AND
2 1 606 829 830 XOR
2 1 128 830 608 XOR
2 1 128 830 607 XOR
2 1 607 608 609 AND
2 1 609 830 831 XOR
2 1 128 831 611 XOR
2 1 128 831 610 XOR
2 1 610 611 612 AND
2 1 612 831 832 XOR
2 1 128 832 614 XOR
2 1 128 832 613 XOR
2 1 613 614 615 AND
2 1 615 832 833 XOR
2 1 128 833 617 XOR
2 1 128 833 616 XOR
2 1 616 617 618 AND
2 1 618 833 834 XOR
2 1 128 834 620 XOR
2 1 128 834 619 XOR
2 1 619 620 621 AND
2 1 621 834 835 XOR
2 1 128 835 623 XOR
2 1 128 835 622 XOR
2 1 622 623 624 AND
2 1 624 835 836 XOR
2 1 128 836 626 XOR
2 1 128 836 625 XOR
2 1 625 626 627 AND
2 1 627 836 837 XOR
2 1 128 837 629 XOR
2 1 128 837 628 XOR
2 1 628 629 630 AND
2 1 630 837 838 XOR
2 1 128 838 632 XOR
2 1 128 838 631 XOR
2 1 631 632 633 AND
2 1 633 838 839 XOR
2 1 128 839 635 XOR
2 1 128 839 634 XOR
2 1 634 635 636 AND
2 1 636 839 840 XOR
2 1 128 840 638 XOR
2 1 128 840 637 XOR
2 1 637 638 639 AND
2 1 639 840 841 XOR
2 1 128 841 641 XOR
2 1 128 841 640 XOR
2 1 640 641 642 AND
2 1 642 841 842 XOR
2 1 128 842 644 XOR
2 1 128 842 643 XOR
2 1 643 644 645 AND
2 1 645 842 843 XOR
2 1 128 843 647 XOR
2 1 128 843 646 XOR
2 1 646 647 648 AND
2 1 648 843 844 XOR
2 1 781 844 158 XOR
2 1 128 844 650 XOR
2 1 128 844 649 XOR
2 1 649 650 651 AND
2 1 651 844 845 XOR
2 1 782 845 159 XOR
2 1 780 843 157 XOR
2 1 128 845 653 XOR
2 1 128 845 652 XOR
2 1 652 653 654 AND
2 1 654 845 846 XOR
2 1 783 846 160 XOR
2 1 779 842 156 XOR
2 1 128 846 656 XOR
2 1 128 846 655 XOR
2 1 655 656 657 AND
2 1 657 846 847 XOR
2 1 778 841 155 XOR
2 1 128 847 658 XOR
2 1 784 847 161 XOR
2 1 777 840 154 XOR
2 1 128 847 659 XOR
2 1 658 659 660 AND
2 1 660 847 848 XOR
2 1 785 848 162 XOR
2 1 776 839 153 XOR
2 1 128 848 662 XOR
2 1 128 848 661 XOR
2 1 661 662 663 AND
2 1 663 848 849 XOR
2 1 786 849 163 XOR
2 1 775 838 152 XOR
2 1 128 849 665 XOR
2 1 128 849 664 XOR
2 1 664 665 666 AND
2 1 666 849 850 XOR
2 1 787 850 164 XOR
2 1 774 837 151 XOR
2 1 128 850 668 XOR
2 1 128 850 667 XOR
2 1 667 668 669 AND
2 1 669 850 851 XOR
2 1 773 836 150 XOR
2 1 128 851 670 XOR
2 1 788 851 165 XOR
2 1 772 835 149 XOR
2 1 128 851 671 XOR
2 1 670 671 672 AND
2 1 672 851 852 XOR
2 1 789 852 166 XOR
2 1 771 834 148 XOR
2 1 128 852 674 XOR
2 1 128 852 673 XOR
2 1 673 674 675 AND
2 1 675 852 853 XOR
2 1 790 853 167 XOR
2 1 770 833 147 XOR
2 1 128 853 677 XOR
2 1 128 853 676 XOR
2 1 676 677 678 AND
2 1 678 853 854 XOR
2 1 791 854 168 XOR
2 1 769 832 146 XOR
2 1 128 854 680 XOR
2 1 128 854 679 XOR
2 1 679 680 681 AND
2 1 681 854 855 XOR
2 1 768 831 145 XOR
2 1 128 855 682 XOR
2 1 792 855 169 XOR
2 1 767 830 144 XOR
2 1 128 855 683 XOR
2 1 682 683 684 AND
2 1 684 855 856 XOR
2 1 793 856 170 XOR
2 1 766 829 143 XOR
2 1 128 856 686 XOR
2 1 128 856 685 XOR
2 1 685 686 687 AND
2 1 687 856 857 XOR
2 1 794 857 171 XOR
2 1 765 828 142 XOR
2 1 128 857 689 XOR
2 1 128 857 688 XOR
2 1 688 689 690 AND
2 1 690 857 858 XOR
2 1 795 858 172 XOR
2 1 764 827 141 XOR
2 1 128 858 692 XOR
2 1 128 858 691 XOR
2 1 691 692 693 AND
2 1 693 858 859 XOR
2 1 763 826 140 XOR
2 1 128 859 694 XOR
2 1 796 859 173 XOR
2 1 762 825 139 XOR
2 1 128 859 695 XOR
2 1 694 695 696 AND
2 1 696 859 860 XOR
2 1 797 860 174 XOR
2 1 761 824 138 XOR
2 1 128 860 698 XOR
2 1 128 860 697 XOR
2 1 697 698 699 AND
2 1 699 860 861 XOR
2 1 798 861 175 XOR
2 1 760 823 137 XOR
2 1 128 861 701 XOR
2 1 128 861 700 XOR
2 1 700 701 702 AND
2 1 702 861 862 XOR
2 1 799 862 176 XOR
2 1 759 822 136 XOR
2 1 128 862 704 XOR
2 1 128 862 703 XOR
2 1 703 704 705 AND
2 1 705 862 863 XOR
2 1 758 821 135 XOR
2 1 128 863 706 XOR
2 1 800 863 177 XOR
2 1 757 820 134 XOR
2 1 128 863 707 XOR
2 1 706 707 708 AND
2 1 708 863 864 XOR
2 1 801 864 178 XOR
2 1 756 819 133 XOR
2 1 128 864 710 XOR
2 1 128 864 709 XOR
2 1 709 710 711 AND
2 1 711 864 865 XOR
2 1 802 865 179 XOR
2 1 755 818 132 XOR
2 1 128 865 713 XOR
2 1 128 865 712 XOR
2 1 712 713 714 AND
2 1 714 865 866 XOR
2 1 803 866 180 XOR
2 1 754 817 131 XOR
2 1 128 866 716 XOR
2 1 128 866 715 XOR
2 1 715 716 717 AND
2 1 717 866 867 XOR
2 1 128 867 719 XOR
2 1 128 867 718 XOR
2 1 718 719 720 AND
2 1 720 867 868 XOR
2 1 128 868 722 XOR
2 1 128 868 721 XOR
2 1 721 722 723 AND
2 1 723 868 869 XOR
2 1 128 869 725 XOR
2 1 128 869 724 XOR
2 1 724 725 726 AND
2 1 726 869 870 XOR
2 1 128 870 728 XOR
2 1 128 870 727 XOR
2 1 727 728 729 AND
2 1 729 870 871 XOR
2 1 128 871 731 XOR
2 1 128 871 730 XOR
2 1 730 731 732 AND
2 1 732 871 872 XOR
2 1 128 872 734 XOR
2 1 128 872 733 XOR
2 1 733 734 735 AND
2 1 735 872 873 XOR
2 1 810 873 187 XOR
2 1 128 873 737 XOR
2 1 128 873 736 XOR
2 1 736 737 738 AND
2 1 738 873 874 XOR
2 1 811 874 188 XOR
2 1 809 872 186 XOR
2 1 128 874 740 XOR
2 1 128 874 739 XOR
2 1 739 740 741 AND
2 1 741 874 875 XOR
2 1 812 875 189 XOR
2 1 808 871 185 XOR
2 1 128 875 743 XOR
2 1 128 875 742 XOR
2 1 742 743 744 AND
2 1 744 875 876 XOR
2 1 807 870 184 XOR
2 1 128 876 745 XOR
2 1 813 876 190 XOR
2 1 806 869 183 XOR
2 1 128 876 746 XOR
2 1 745 746 747 AND
2 1 747 876 877 XOR
2 1 814 877 191 XOR
2 1 805 868 182 XOR
2 1 128 877 749 XOR
2 1 128 877 748 XOR
2 1 748 749 750 AND
2 1 750 877 878 XOR
2 1 815 878 192 XOR
2 1 804 867 181 XOR
2 1 128 878 752 XOR
2 1 128 878 751 XOR
2 1 751 752 753 AND
2 1 753 878 879 XOR
2 1 816 879 193 XOR
2 1 128 193 1128 XOR
2 1 128 192 1127 XOR
2 1 128 191 1126 XOR
2 1 128 190 1125 XOR
2 1 128 189 1124 XOR
2 1 128 188 1123 XOR
2 1 128 187 1122 XOR
2 1 128 186 1121 XOR
2 1 128 185 1120 XOR
2 1 128 184 1119 XOR
2 1 128 183 1118 XOR
2 1 128 182 1117 XOR
2 1 128 181 1116 XOR
2 1 128 180 1115 XOR
2 1 128 179 1114 XOR
2 1 128 178 1113 XOR
2 1 128 177 1112 XOR
2 1 128 176 1111 XOR
2 1 128 175 1110 XOR
2 1 128 174 1109 XOR
2 1 128 173 1108 XOR
2 1 128 172 1107 XOR
2 1 128 171 1106 XOR
2 1 128 170 1105 XOR
2 1 128 169 1104 XOR
2 1 128 168 1103 XOR
2 1 128 167 1102 XOR
2 1 128 166 1101 XOR
2 1 128 165 1100 XOR
2 1 128 164 1099 XOR
2 1 128 163 1098 XOR
2 1 128 162 1097 XOR
2 1 128 161 1096 XOR
2 1 128 160 1095 XOR
2 1 128 159 1094 XOR
2 1 128 158 1093 XOR
2 1 128 157 1092 XOR
2 1 128 156 1091 XOR
2 1 128 155 1090 XOR
2 1 128 154 1089 XOR
2 1 128 153 1088 XOR
2 1 128 152 1087 XOR
2 1 128 151 1086 XOR
2 1 128 150 1085 XOR
2 1 128 149 1084 XOR
2 1 128 148 1083 XOR
2 1 128 147 1082 XOR
2 1 128 146 1081 XOR
2 1 128 145 1080 XOR
2 1 128 144 1079 XOR
2 1 128 143 1078 XOR
2 1 128 142 1077 XOR
2 1 128 141 1076 XOR
2 1 128 140 1075 XOR
2 1 128 139 1074 XOR
2 1 128 138 1073 XOR
2 1 128 137 1072 XOR
2 1 128 136 1071 XOR
2 1 128 135 1070 XOR
2 1 128 134 1069 XOR
2 1 128 133 1068 XOR
2 1 128 132 1067 XOR
2 1 128 131 1066 XOR
2 1 127 130 1255 XOR
2 1 127 130 1129 AND
2 1 131 1129 881 XOR
2 1 128 1129 880 XOR
2 1 880 881 882 AND
2 1 882 1129 1130 XOR
2 1 132 1130 884 XOR
2 1 128 1130 883 XOR
2 1 883 884 885 AND
2 1 885 1130 1131 XOR
2 1 133 1131 887 XOR
2 1 128 1131 886 XOR
2 1 886 887 888 AND
2 1 888 1131 1132 XOR
2 1 134 1132 890 XOR
2 1 128 1132 889 XOR
2 1 889 890 891 AND
2 1 891 1132 1133 XOR
2 1 135 1133 893 XOR
2 1 128 1133 892 XOR
2 1 892 893 894 AND
2 1 894 1133 1134 XOR
2 1 136 1134 896 XOR
2 1 128 1134 895 XOR
2 1 895 896 897 AND
2 1 897 1134 1135 XOR
2 1 137 1135 899 XOR
2 1 128 1135 898 XOR
2 1 898 899 900 AND
2 1 900 1135 1136 XOR
2 1 138 1136 902 XOR
2 1 128 1136 901 XOR
2 1 901 902 903 AND
2 1 903 1136 1137 XOR
2 1 139 1137 905 XOR
2 1 128 1137 904 XOR
2 1 904 905 906 AND
2 1 906 1137 1138 XOR
2 1 140 1138 908 XOR
2 1 128 1138 907 XOR
2 1 907 908 909 AND
2 1 909 1138 1139 XOR
2 1 141 1139 911 XOR
2 1 128 1139 910 XOR
2 1 910 911 912 AND
2 1 912 1139 1140 XOR
2 1 142 1140 914 XOR
2 1 128 1140 913 XOR
2 1 913 914 915 AND
2 1 915 1140 1141 XOR
2 1 143 1141 917 XOR
2 1 128 1141 916 XOR
2 1 916 917 918 AND
2 1 918 1141 1142 XOR
2 1 144 1142 920 XOR
2 1 128 1142 919 XOR
2 1 919 920 921 AND
2 1 921 1142 1143 XOR
2 1 145 1143 923 XOR
2 1 128 1143 922 XOR
2 1 922 923 924 AND
2 1 924 1143 1144 XOR
2 1 146 1144 926 XOR
2 1 128 1144 925 XOR
2 1 925 926 927 AND
2 1 927 1144 1145 XOR
2 1 147 1145 929 XOR
2 1 128 1145 928 XOR
2 1 928 929 930 AND
2 1 930 1145 1146 XOR
2 1 148 1146 932 XOR
2 1 128 1146 931 XOR
2 1 931 932 933 AND
2 1 933 1146 1147 XOR
2 1 149 1147 935 XOR
2 1 128 1147 934 XOR
2 1 934 935 936 AND
2 1 936 1147 1148 XOR
2 1 150 1148 938 XOR
2 1 128 1148 937 XOR
2 1 937 938 939 AND
2 1 939 1148 1149 XOR
2 1 151 1149 941 XOR
2 1 128 1149 940 XOR
2 1 940 941 942 AND
2 1 942 1149 1150 XOR
2 1 152 1150 944 XOR
2 1 128 1150 943 XOR
2 1 943 944 945 AND
2 1 945 1150 1151 XOR
2 1 153 1151 947 XOR
2 1 128 1151 946 XOR
2 1 946 947 948 AND
2 1 948 1151 1152 XOR
2 1 154 1152 950 XOR
2 1 128 1152 949 XOR
2 1 949 950 951 AND
2 1 951 1152 1153 XOR
2 1 155 1153 953 XOR
2 1 128 1153 952 XOR
2 1 952 953 954 AND
2 1 954 1153 1154 XOR
2 1 156 1154 956 XOR
2 1 128 1154 955 XOR
2 1 955 956 957 AND
2 1 957 1154 1155 XOR
2 1 157 1155 959 XOR
2 1 128 1155 958 XOR
2 1 958 959 960 AND
2 1 960 1155 1156 XOR
2 1 1093 1156 220 XOR
2 1 158 1156 962 XOR
2 1 128 1156 961 XOR
2 1 961 962 963 AND
2 1 963 1156 1157 XOR
2 1 1094 1157 221 XOR
2 1 1092 1155 219 XOR
2 1 159 1157 965 XOR
2 1 128 1157 964 XOR
2 1 964 965 966 AND
2 1 966 1157 1158 XOR
2 1 1095 1158 222 XOR
2 1 1091 1154 218 XOR
2 1 160 1158 968 XOR
2 1 128 1158 967 XOR
2 1 967 968 969 AND
2 1 969 1158 1159 XOR
2 1 1090 1153 217 XOR
2 1 128 1159 970 XOR
2 1 1096 1159 223 XOR
2 1 1089 1152 216 XOR
2 1 161 1159 971 XOR
2 1 970 971 972 AND
2 1 972 1159 1160 XOR
2 1 1097 1160 224 XOR
2 1 1088 1151 215 XOR
2 1 162 1160 974 XOR
2 1 128 1160 973 XOR
2 1 973 974 975 AND
2 1 975 1160 1161 XOR
2 1 1098 1161 225 XOR
2 1 1087 1150 214 XOR
2 1 163 1161 977 XOR
2 1 128 1161 976 XOR
2 1 976 977 978 AND
2 1 978 1161 1162 XOR
2 1 1099 1162 226 XOR
2 1 1086 1149 213 XOR
2 1 164 1162 980 XOR
2 1 128 1162 979 XOR
2 1 979 980 981 AND
2 1 981 1162 1163 XOR
2 1 1085 1148 212 XOR
2 1 128 1163 982 XOR
2 1 1100 1163 227 XOR
2 1 1084 1147 211 XOR
2 1 165 1163 983 XOR
2 1 982 983 984 AND
2 1 984 1163 1164 XOR
2 1 1101 1164 228 XOR
2 1 1083 1146 210 XOR
2 1 166 1164 986 XOR
2 1 128 1164 985 XOR
2 1 985 986 987 AND
2 1 987 1164 1165 XOR
2 1 1102 1165 229 XOR
2 1 1082 1145 209 XOR
2 1 167 1165 989 XOR
2 1 128 1165 988 XOR
2 1 988 989 990 AND
2 1 990 1165 1166 XOR
2 1 1103 1166 230 XOR
2 1 1081 1144 208 XOR
2 1 168 1166 992 XOR
2 1 128 1166 991 XOR
2 1 991 992 993 AND
2 1 993 1166 1167 XOR
2 1 1080 1143 207 XOR
2 1 128 1167 994 XOR
2 1 1104 1167 231 XOR
2 1 1079 1142 206 XOR
2 1 169 1167 995 XOR
2 1 994 995 996 AND
2 1 996 1167 1168 XOR
2 1 1105 1168 232 XOR
2 1 1078 1141 205 XOR
2 1 170 1168 998 XOR
2 1 128 1168 997 XOR
2 1 997 998 999 AND
2 1 999 1168 1169 XOR
2 1 1106 1169 233 XOR
2 1 1077 1140 204 XOR
2 1 171 1169 1001 XOR
2 1 128 1169 1000 XOR
2 1 1000 1001 1002 AND
2 1 1002 1169 1170 XOR
2 1 1107 1170 234 XOR
2 1 1076 1139 203 XOR
2 1 172 1170 1004 XOR
2 1 128 1170 1003 XOR
2 1 1003 1004 1005 AND
2 1 1005 1170 1171 XOR
2 1 1075 1138 202 XOR
2 1 128 1171 1006 XOR
2 1 1108 1171 235 XOR
2 1 1074 1137 201 XOR
2 1 173 1171 1007 XOR
2 1 1006 1007 1008 AND
2 1 1008 1171 1172 XOR
2 1 1109 1172 236 XOR
2 1 1073 1136 200 XOR
2 1 174 1172 1010 XOR
2 1 128 1172 1009 XOR
2 1 1009 1010 1011 AND
2 1 1011 1172 1173 XOR
2 1 1110 1173 237 XOR
2 1 1072 1135 199 XOR
2 1 175 1173 1013 XOR
2 1 128 1173 1012 XOR
2 1 1012 1013 1014 AND
2 1 1014 1173 1174 XOR
2 1 1111 1174 238 XOR
2 1 1071 1134 198 XOR
2 1 176 1174 1016 XOR
2 1 128 1174 1015 XOR
2 1 1015 1016 1017 AND
2 1 1017 1174 1175 XOR
2 1 1070 1133 197 XOR
2 1 128 1175 1018 XOR
2 1 1112 1175 239 XOR
2 1 1069 1132 196 XOR
2 1 177 1175 1019 XOR
2 1 1018 1019 1020 AND
2 1 1020 1175 1176 XOR
2 1 1113 1176 240 XOR
2 1 1068 1131 195 XOR
2 1 178 1176 1022 XOR
2 1 128 1176 1021 XOR
2 1 1021 1022 1023 AND
2 1 1023 1176 1177 XOR
2 1 1114 1177 241 XOR
2 1 1067 1130 194 XOR
2 1 179 1177 1025 XOR
2 1 128 1177 1024 XOR
2 1 1024 1025 1026 AND
2 1 1026 1177 1178 XOR
2 1 1115 1178 242 XOR
2 1 1066 1129 1256 XOR
2 1 180 1178 1028 XOR
2 1 128 1178 1027 XOR
2 1 1027 1028 1029 AND
2 1 1029 1178 1179 XOR
2 1 181 1179 1031 XOR
2 1 128 1179 1030 XOR
2 1 1030 1031 1032 AND
2 1 1032 1179 1180 XOR
2 1 182 1180 1034 XOR
2 1 128 1180 1033 XOR
2 1 1033 1034 1035 AND
2 1 1035 1180 1181 XOR
2 1 183 1181 1037 XOR
2 1 128 1181 1036 XOR
2 1 1036 1037 1038 AND
2 1 1038 1181 1182 XOR
2 1 184 1182 1040 XOR
2 1 128 1182 1039 XOR
2 1 1039 1040 1041 AND
2 1 1041 1182 1183 XOR
2 1 185 1183 1043 XOR
2 1 128 1183 1042 XOR
2 1 1042 1043 1044 AND
2 1 1044 1183 1184 XOR
2 1 186 1184 1046 XOR
2 1 128 1184 1045 XOR
2 1 1045 1046 1047 AND
2 1 1047 1184 1185 XOR
2 1 1122 1185 249 XOR
2 1 187 1185 1049 XOR
2 1 128 1185 1048 XOR
2 1 1048 1049 1050 AND
2 1 1050 1185 1186 XOR
2 1 1123 1186 250 XOR
2 1 1121 1184 248 XOR
2 1 188 1186 1052 XOR
2 1 128 1186 1051 XOR
2 1 1051 1052 1053 AND
2 1 1053 1186 1187 XOR
2 1 1124 1187 251 XOR
2 1 1120 1183 247 XOR
2 1 189 1187 1055 XOR
2 1 128 1187 1054 XOR
2 1 1054 1055 1056 AND
2 1 1056 1187 1188 XOR
2 1 1119 1182 246 XOR
2 1 128 1188 1057 XOR
2 1 1125 1188 252 XOR
2 1 1118 1181 245 XOR
2 1 190 1188 1058 XOR
2 1 1057 1058 1059 AND
2 1 1059 1188 1189 XOR
2 1 1126 1189 253 XOR
2 1 1117 1180 244 XOR
2 1 191 1189 1061 XOR
2 1 128 1189 1060 XOR
2 1 1060 1061 1062 AND
2 1 1062 1189 1190 XOR
2 1 1127 1190 254 XOR
2 1 1116 1179 243 XOR
2 1 192 1190 1064 XOR
2 1 128 1190 1063 XOR
2 1 1063 1064 1065 AND
2 1 1065 1190 1191 XOR
2 1 1128 1191 255 XOR