1129 1195
64 64 65

2 1 0 0 128 XOR
2 1 128 128 442 XOR
2 1 62 126 441 XOR
2 1 61 125 440 XOR
2 1 60 124 439 XOR
2 1 59 123 438 XOR
2 1 58 122 437 XOR
2 1 57 121 436 XOR
2 1 56 120 435 XOR
2 1 55 119 434 XOR
2 1 54 118 433 XOR
2 1 53 117 432 XOR
2 1 52 116 431 XOR
2 1 51 115 430 XOR
2 1 50 114 429 XOR
2 1 49 113 428 XOR
2 1 48 112 427 XOR
2 1 47 111 426 XOR
2 1 46 110 425 XOR
2 1 45 109 424 XOR
2 1 44 108 423 XOR
2 1 43 107 422 XOR
2 1 42 106 421 XOR
2 1 41 105 420 XOR
2 1 40 104 419 XOR
2 1 39 103 418 XOR
2 1 38 102 417 XOR
2 1 37 101 416 XOR
2 1 36 100 415 XOR
2 1 35 99 414 XOR
2 1 34 98 413 XOR
2 1 33 97 412 XOR
2 1 32 96 411 XOR
2 1 31 95 410 XOR
2 1 30 94 409 XOR
2 1 29 93 408 XOR
2 1 28 92 407 XOR
2 1 27 91 406 XOR
2 1 26 90 405 XOR
2 1 25 89 404 XOR
2 1 24 88 403 XOR
2 1 23 87 402 XOR
2 1 22 86 401 XOR
2 1 21 85 400 XOR
2 1 20 84 399 XOR
2 1 19 83 398 XOR
2 1 18 82 397 XOR
2 1 17 81 396 XOR
2 1 16 80 395 XOR
2 1 15 79 394 XOR
2 1 14 78 393 XOR
2 1 13 77 392 XOR
2 1 12 76 391 XOR
2 1 11 75 390 XOR
2 1 10 74 389 XOR
2 1 9 73 388 XOR
2 1 8 72 387 XOR
2 1 7 71 386 XOR
2 1 6 70 385 XOR
2 1 5 69 384 XOR
2 1 4 68 383 XOR
2 1 3 67 382 XOR
2 1 2 66 381 XOR
2 1 1 65 380 XOR
2 1 0 64 1130 XOR
2 1 0 64 443 AND
2 1 65 443 195 XOR
2 1 1 443 194 XOR
2 1 194 195 196 AND
2 1 196 443 444 XOR
2 1 66 444 198 XOR
2 1 2 444 197 XOR
2 1 197 198 199 AND
2 1 199 444 445 XOR
2 1 67 445 201 XOR
2 1 3 445 200 XOR
2 1 200 201 202 AND
2 1 202 445 446 XOR
2 1 68 446 204 XOR
2 1 4 446 203 XOR
2 1 203 204 205 AND
2 1 205 446 447 XOR
2 1 69 447 207 XOR
2 1 5 447 206 XOR
2 1 206 207 208 AND
2 1 208 447 448 XOR
2 1 70 448 210 XOR
2 1 6 448 209 XOR
2 1 209 210 211 AND
2 1 211 448 449 XOR
2 1 71 449 213 XOR
2 1 7 449 212 XOR
2 1 212 213 214 AND
2 1 214 449 450 XOR
2 1 72 450 216 XOR
2 1 8 450 215 XOR
2 1 215 216 217 AND
2 1 217 450 451 XOR
2 1 73 451 219 XOR
2 1 9 451 218 XOR
2 1 218 219 220 AND
2 1 220 451 452 XOR
2 1 74 452 222 XOR
2 1 10 452 221 XOR
2 1 221 222 223 AND
2 1 223 452 453 XOR
2 1 75 453 225 XOR
2 1 11 453 224 XOR
2 1 224 225 226 AND
2 1 226 453 454 XOR
2 1 76 454 228 XOR
2 1 12 454 227 XOR
2 1 227 228 229 AND
2 1 229 454 455 XOR
2 1 77 455 231 XOR
2 1 13 455 230 XOR
2 1 230 231 232 AND
2 1 232 455 456 XOR
2 1 78 456 234 XOR
2 1 14 456 233 XOR
2 1 233 234 235 AND
2 1 235 456 457 XOR
2 1 79 457 237 XOR
2 1 15 457 236 XOR
2 1 236 237 238 AND
2 1 238 457 458 XOR
2 1 80 458 240 XOR
2 1 16 458 239 XOR
2 1 239 240 241 AND
2 1 241 458 459 XOR
2 1 81 459 243 XOR
2 1 17 459 242 XOR
2 1 242 243 244 AND
2 1 244 459 460 XOR
2 1 82 460 246 XOR
2 1 18 460 245 XOR
2 1 245 246 247 AND
2 1 247 460 461 XOR
2 1 83 461 249 XOR
2 1 19 461 248 XOR
2 1 248 249 250 AND
2 1 250 461 462 XOR
2 1 84 462 252 XOR
2 1 20 462 251 XOR
2 1 251 252 253 AND
2 1 253 462 463 XOR
2 1 85 463 255 XOR
2 1 21 463 254 XOR
2 1 254 255 256 AND
2 1 256 463 464 XOR
2 1 86 464 258 XOR
2 1 22 464 257 XOR
2 1 257 258 259 AND
2 1 259 464 465 XOR
2 1 87 465 261 XOR
2 1 23 465 260 XOR
2 1 260 261 262 AND
2 1 262 465 466 XOR
2 1 88 466 264 XOR
2 1 24 466 263 XOR
2 1 263 264 265 AND
2 1 265 466 467 XOR
2 1 89 467 267 XOR
2 1 25 467 266 XOR
2 1 266 267 268 AND
2 1 268 467 468 XOR
2 1 90 468 270 XOR
2 1 26 468 269 XOR
2 1 269 270 271 AND
2 1 271 468 469 XOR
2 1 91 469 273 XOR
2 1 27 469 272 XOR
2 1 272 273 274 AND
2 1 274 469 470 XOR
2 1 407 470 1158 XOR
2 1 92 470 276 XOR
2 1 28 470 275 XOR
2 1 275 276 277 AND
2 1 277 470 471 XOR
2 1 408 471 1159 XOR
2 1 406 469 1157 XOR
2 1 93 471 279 XOR
2 1 29 471 278 XOR
2 1 278 279 280 AND
2 1 280 471 472 XOR
2 1 409 472 1160 XOR
2 1 405 468 1156 XOR
2 1 94 472 282 XOR
2 1 30 472 281 XOR
2 1 281 282 283 AND
2 1 283 472 473 XOR
2 1 404 467 1155 XOR
2 1 31 473 284 XOR
2 1 410 473 1161 XOR
2 1 403 466 1154 XOR
2 1 95 473 285 XOR
2 1 284 285 286 AND
2 1 286 473 474 XOR
2 1 411 474 1162 XOR
2 1 402 465 1153 XOR
2 1 96 474 288 XOR
2 1 32 474 287 XOR
2 1 287 288 289 AND
2 1 289 474 475 XOR
2 1 412 475 1163 XOR
2 1 401 464 1152 XOR
2 1 97 475 291 XOR
2 1 33 475 290 XOR
2 1 290 291 292 AND
2 1 292 475 476 XOR
2 1 413 476 1164 XOR
2 1 400 463 1151 XOR
2 1 98 476 294 XOR
2 1 34 476 293 XOR
2 1 293 294 295 AND
2 1 295 476 477 XOR
2 1 399 462 1150 XOR
2 1 35 477 296 XOR
2 1 414 477 1165 XOR
2 1 398 461 1149 XOR
2 1 99 477 297 XOR
2 1 296 297 298 AND
2 1 298 477 478 XOR
2 1 415 478 1166 XOR
2 1 397 460 1148 XOR
2 1 100 478 300 XOR
2 1 36 478 299 XOR
2 1 299 300 301 AND
2 1 301 478 479 XOR
2 1 416 479 1167 XOR
2 1 396 459 1147 XOR
2 1 101 479 303 XOR
2 1 37 479 302 XOR
2 1 302 303 304 AND
2 1 304 479 480 XOR
2 1 417 480 1168 XOR
2 1 395 458 1146 XOR
2 1 102 480 306 XOR
2 1 38 480 305 XOR
2 1 305 306 307 AND
2 1 307 480 481 XOR
2 1 394 457 1145 XOR
2 1 39 481 308 XOR
2 1 418 481 1169 XOR
2 1 393 456 1144 XOR
2 1 103 481 309 XOR
2 1 308 309 310 AND
2 1 310 481 482 XOR
2 1 419 482 1170 XOR
2 1 392 455 1143 XOR
2 1 104 482 312 XOR
2 1 40 482 311 XOR
2 1 311 312 313 AND
2 1 313 482 483 XOR
2 1 420 483 1171 XOR
2 1 391 454 1142 XOR
2 1 105 483 315 XOR
2 1 41 483 314 XOR
2 1 314 315 316 AND
2 1 316 483 484 XOR
2 1 421 484 1172 XOR
2 1 390 453 1141 XOR
2 1 106 484 318 XOR
2 1 42 484 317 XOR
2 1 317 318 319 AND
2 1 319 484 485 XOR
2 1 389 452 1140 XOR
2 1 43 485 320 XOR
2 1 422 485 1173 XOR
2 1 388 451 1139 XOR
2 1 107 485 321 XOR
2 1 320 321 322 AND
2 1 322 485 486 XOR
2 1 423 486 1174 XOR
2 1 387 450 1138 XOR
2 1 108 486 324 XOR
2 1 44 486 323 XOR
2 1 323 324 325 AND
2 1 325 486 487 XOR
2 1 424 487 1175 XOR
2 1 386 449 1137 XOR
2 1 109 487 327 XOR
2 1 45 487 326 XOR
2 1 326 327 328 AND
2 1 328 487 488 XOR
2 1 425 488 1176 XOR
2 1 385 448 1136 XOR
2 1 110 488 330 XOR
2 1 46 488 329 XOR
2 1 329 330 331 AND
2 1 331 488 489 XOR
2 1 384 447 1135 XOR
2 1 47 489 332 XOR
2 1 426 489 1177 XOR
2 1 383 446 1134 XOR
2 1 111 489 333 XOR
2 1 332 333 334 AND
2 1 334 489 490 XOR
2 1 427 490 1178 XOR
2 1 382 445 1133 XOR
2 1 112 490 336 XOR
2 1 48 490 335 XOR
2 1 335 336 337 AND
2 1 337 490 491 XOR
2 1 428 491 1179 XOR
2 1 381 444 1132 XOR
2 1 113 491 339 XOR
2 1 49 491 338 XOR
2 1 338 339 340 AND
2 1 340 491 492 XOR
2 1 429 492 1180 XOR
2 1 380 443 1131 XOR
2 1 114 492 342 XOR
2 1 50 492 341 XOR
2 1 341 342 343 AND
2 1 343 492 493 XOR
2 1 115 493 345 XOR
2 1 51 493 344 XOR
2 1 344 345 346 AND
2 1 346 493 494 XOR
2 1 116 494 348 XOR
2 1 52 494 347 XOR
2 1 347 348 349 AND
2 1 349 494 495 XOR
2 1 117 495 351 XOR
2 1 53 495 350 XOR
2 1 350 351 352 AND
2 1 352 495 496 XOR
2 1 118 496 354 XOR
2 1 54 496 353 XOR
2 1 353 354 355 AND
2 1 355 496 497 XOR
2 1 119 497 357 XOR
2 1 55 497 356 XOR
2 1 356 357 358 AND
2 1 358 497 498 XOR
2 1 120 498 360 XOR
2 1 56 498 359 XOR
2 1 359 360 361 AND
2 1 361 498 499 XOR
2 1 436 499 1187 XOR
2 1 121 499 363 XOR
2 1 57 499 362 XOR
2 1 362 363 364 AND
2 1 364 499 500 XOR
2 1 437 500 1188 XOR
2 1 435 498 1186 XOR
2 1 122 500 366 XOR
2 1 58 500 365 XOR
2 1 365 366 367 AND
2 1 367 500 501 XOR
2 1 438 501 1189 XOR
2 1 434 497 1185 XOR
2 1 123 501 369 XOR
2 1 59 501 368 XOR
2 1 368 369 370 AND
2 1 370 501 502 XOR
2 1 433 496 1184 XOR
2 1 60 502 371 XOR
2 1 439 502 1190 XOR
2 1 432 495 1183 XOR
2 1 124 502 372 XOR
2 1 371 372 373 AND
2 1 373 502 503 XOR
2 1 440 503 1191 XOR
2 1 431 494 1182 XOR
2 1 125 503 375 XOR
2 1 61 503 374 XOR
2 1 374 375 376 AND
2 1 376 503 504 XOR
2 1 441 504 1192 XOR
2 1 430 493 1181 XOR
2 1 126 504 378 XOR
2 1 62 504 377 XOR
2 1 377 378 379 AND
2 1 379 504 505 XOR
2 1 442 505 129 XOR
2 1 128 128 754 XOR
2 1 128 128 753 XOR
2 1 128 128 752 XOR
2 1 128 128 751 XOR
2 1 128 128 750 XOR
2 1 128 128 749 XOR
2 1 128 128 748 XOR
2 1 128 128 747 XOR
2 1 128 128 746 XOR
2 1 128 128 745 XOR
2 1 128 128 744 XOR
2 1 128 128 743 XOR
2 1 128 128 742 XOR
2 1 128 128 741 XOR
2 1 128 128 740 XOR
2 1 128 128 739 XOR
2 1 128 128 738 XOR
2 1 128 128 737 XOR
2 1 128 128 736 XOR
2 1 128 128 735 XOR
2 1 128 128 734 XOR
2 1 128 128 733 XOR
2 1 128 128 732 XOR
2 1 128 128 731 XOR
2 1 128 128 730 XOR
2 1 128 128 729 XOR
2 1 128 128 728 XOR
2 1 128 128 727 XOR
2 1 128 128 726 XOR
2 1 128 128 725 XOR
2 1 128 128 724 XOR
2 1 128 128 723 XOR
2 1 128 128 722 XOR
2 1 128 128 721 XOR
2 1 128 128 720 XOR
2 1 128 128 719 XOR
2 1 128 128 718 XOR
2 1 128 128 717 XOR
2 1 128 128 716 XOR
2 1 128 128 715 XOR
2 1 128 128 714 XOR
2 1 128 128 713 XOR
2 1 128 128 712 XOR
2 1 128 128 711 XOR
2 1 128 128 710 XOR
2 1 128 128 709 XOR
2 1 128 128 708 XOR
2 1 128 128 707 XOR
2 1 128 128 706 XOR
2 1 128 128 705 XOR
2 1 128 128 704 XOR
2 1 128 128 703 XOR
2 1 128 128 702 XOR
2 1 128 128 701 XOR
2 1 128 128 700 XOR
2 1 128 128 699 XOR
2 1 128 128 698 XOR
2 1 128 128 697 XOR
2 1 128 128 696 XOR
2 1 128 128 695 XOR
2 1 128 128 694 XOR
2 1 128 128 693 XOR
2 1 128 128 692 XOR
2 1 63 129 130 XOR
2 1 63 129 755 AND
2 1 128 755 507 XOR
2 1 128 755 506 XOR
2 1 506 507 508 AND
2 1 508 755 756 XOR
2 1 128 756 510 XOR
2 1 128 756 509 XOR
2 1 509 510 511 AND
2 1 511 756 757 XOR
2 1 128 757 513 XOR
2 1 128 757 512 XOR
2 1 512 513 514 AND
2 1 514 757 758 XOR
2 1 128 758 516 XOR
2 1 128 758 515 XOR
2 1 515 516 517 AND
2 1 517 758 759 XOR
2 1 128 759 519 XOR
2 1 128 759 518 XOR
2 1 518 519 520 AND
2 1 520 759 760 XOR
2 1 128 760 522 XOR
2 1 128 760 521 XOR
2 1 521 522 523 AND
2 1 523 760 761 XOR
2 1 128 761 525 XOR
2 1 128 761 524 XOR
2 1 524 525 526 AND
2 1 526 761 762 XOR
2 1 128 762 528 XOR
2 1 128 762 527 XOR
2 1 527 528 529 AND
2 1 529 762 763 XOR
2 1 128 763 531 XOR
2 1 128 763 530 XOR
2 1 530 531 532 AND
2 1 532 763 764 XOR
2 1 128 764 534 XOR
2 1 128 764 533 XOR
2 1 533 534 535 AND
2 1 535 764 765 XOR
2 1 128 765 537 XOR
2 1 128 765 536 XOR
2 1 536 537 538 AND
2 1 538 765 766 XOR
2 1 128 766 540 XOR
2 1 128 766 539 XOR
2 1 539 540 541 AND
2 1 541 766 767 XOR
2 1 128 767 543 XOR
2 1 128 767 542 XOR
2 1 542 543 544 AND
2 1 544 767 768 XOR
2 1 128 768 546 XOR
2 1 128 768 545 XOR
2 1 545 546 547 AND
2 1 547 768 769 XOR
2 1 128 769 549 XOR
2 1 128 769 548 XOR
2 1 548 549 550 AND
2 1 550 769 770 XOR
2 1 128 770 552 XOR
2 1 128 770 551 XOR
2 1 551 552 553 AND
2 1 553 770 771 XOR
2 1 128 771 555 XOR
2 1 128 771 554 XOR
2 1 554 555 556 AND
2 1 556 771 772 XOR
2 1 128 772 558 XOR
2 1 128 772 557 XOR
2 1 557 558 559 AND
2 1 559 772 773 XOR
2 1 128 773 561 XOR
2 1 128 773 560 XOR
2 1 560 561 562 AND
2 1 562 773 774 XOR
2 1 128 774 564 XOR
2 1 128 774 563 XOR
2 1 563 564 565 AND
2 1 565 774 775 XOR
2 1 128 775 567 XOR
2 1 128 775 566 XOR
2 1 566 567 568 AND
2 1 568 775 776 XOR
2 1 128 776 570 XOR
2 1 128 776 569 XOR
2 1 569 570 571 AND
2 1 571 776 777 XOR
2 1 128 777 573 XOR
2 1 128 777 572 XOR
2 1 572 573 574 AND
2 1 574 777 778 XOR
2 1 128 778 576 XOR
2 1 128 778 575 XOR
2 1 575 576 577 AND
2 1 577 778 779 XOR
2 1 128 779 579 XOR
2 1 128 779 578 XOR
2 1 578 579 580 AND
2 1 580 779 780 XOR
2 1 128 780 582 XOR
2 1 128 780 581 XOR
2 1 581 582 583 AND
2 1 583 780 781 XOR
2 1 128 781 585 XOR
2 1 128 781 584 XOR
2 1 584 585 586 AND
2 1 586 781 782 XOR
2 1 719 782 158 XOR
2 1 128 782 588 XOR
2 1 128 782 587 XOR
2 1 587 588 589 AND
2 1 589 782 783 XOR
2 1 720 783 159 XOR
2 1 718 781 157 XOR
2 1 128 783 591 XOR
2 1 128 783 590 XOR
2 1 590 591 592 AND
2 1 592 783 784 XOR
2 1 721 784 160 XOR
2 1 717 780 156 XOR
2 1 128 784 594 XOR
2 1 128 784 593 XOR
2 1 593 594 595 AND
2 1 595 784 785 XOR
2 1 716 779 155 XOR
2 1 128 785 596 XOR
2 1 722 785 161 XOR
2 1 715 778 154 XOR
2 1 128 785 597 XOR
2 1 596 597 598 AND
2 1 598 785 786 XOR
2 1 723 786 162 XOR
2 1 714 777 153 XOR
2 1 128 786 600 XOR
2 1 128 786 599 XOR
2 1 599 600 601 AND
2 1 601 786 787 XOR
2 1 724 787 163 XOR
2 1 713 776 152 XOR
2 1 128 787 603 XOR
2 1 128 787 602 XOR
2 1 602 603 604 AND
2 1 604 787 788 XOR
2 1 725 788 164 XOR
2 1 712 775 151 XOR
2 1 128 788 606 XOR
2 1 128 788 605 XOR
2 1 605 606 607 AND
2 1 607 788 789 XOR
2 1 711 774 150 XOR
2 1 128 789 608 XOR
2 1 726 789 165 XOR
2 1 710 773 149 XOR
2 1 128 789 609 XOR
2 1 608 609 610 AND
2 1 610 789 790 XOR
2 1 727 790 166 XOR
2 1 709 772 148 XOR
2 1 128 790 612 XOR
2 1 128 790 611 XOR
2 1 611 612 613 AND
2 1 613 790 791 XOR
2 1 728 791 167 XOR
2 1 708 771 147 XOR
2 1 128 791 615 XOR
2 1 128 791 614 XOR
2 1 614 615 616 AND
2 1 616 791 792 XOR
2 1 729 792 168 XOR
2 1 707 770 146 XOR
2 1 128 792 618 XOR
2 1 128 792 617 XOR
2 1 617 618 619 AND
2 1 619 792 793 XOR
2 1 706 769 145 XOR
2 1 128 793 620 XOR
2 1 730 793 169 XOR
2 1 705 768 144 XOR
2 1 128 793 621 XOR
2 1 620 621 622 AND
2 1 622 793 794 XOR
2 1 731 794 170 XOR
2 1 704 767 143 XOR
2 1 128 794 624 XOR
2 1 128 794 623 XOR
2 1 623 624 625 AND
2 1 625 794 795 XOR
2 1 732 795 171 XOR
2 1 703 766 142 XOR
2 1 128 795 627 XOR
2 1 128 795 626 XOR
2 1 626 627 628 AND
2 1 628 795 796 XOR
2 1 733 796 172 XOR
2 1 702 765 141 XOR
2 1 128 796 630 XOR
2 1 128 796 629 XOR
2 1 629 630 631 AND
2 1 631 796 797 XOR
2 1 701 764 140 XOR
2 1 128 797 632 XOR
2 1 734 797 173 XOR
2 1 700 763 139 XOR
2 1 128 797 633 XOR
2 1 632 633 634 AND
2 1 634 797 798 XOR
2 1 735 798 174 XOR
2 1 699 762 138 XOR
2 1 128 798 636 XOR
2 1 128 798 635 XOR
2 1 635 636 637 AND
2 1 637 798 799 XOR
2 1 736 799 175 XOR
2 1 698 761 137 XOR
2 1 128 799 639 XOR
2 1 128 799 638 XOR
2 1 638 639 640 AND
2 1 640 799 800 XOR
2 1 737 800 176 XOR
2 1 697 760 136 XOR
2 1 128 800 642 XOR
2 1 128 800 641 XOR
2 1 641 642 643 AND
2 1 643 800 801 XOR
2 1 696 759 135 XOR
2 1 128 801 644 XOR
2 1 738 801 177 XOR
2 1 695 758 134 XOR
2 1 128 801 645 XOR
2 1 644 645 646 AND
2 1 646 801 802 XOR
2 1 739 802 178 XOR
2 1 694 757 133 XOR
2 1 128 802 648 XOR
2 1 128 802 647 XOR
2 1 647 648 649 AND
2 1 649 802 803 XOR
2 1 740 803 179 XOR
2 1 693 756 132 XOR
2 1 128 803 651 XOR
2 1 128 803 650 XOR
2 1 650 651 652 AND
2 1 652 803 804 XOR
2 1 741 804 180 XOR
2 1 692 755 131 XOR
2 1 128 804 654 XOR
2 1 128 804 653 XOR
2 1 653 654 655 AND
2 1 655 804 805 XOR
2 1 128 805 657 XOR
2 1 128 805 656 XOR
2 1 656 657 658 AND
2 1 658 805 806 XOR
2 1 128 806 660 XOR
2 1 128 806 659 XOR
2 1 659 660 661 AND
2 1 661 806 807 XOR
2 1 128 807 663 XOR
2 1 128 807 662 XOR
2 1 662 663 664 AND
2 1 664 807 808 XOR
2 1 128 808 666 XOR
2 1 128 808 665 XOR
2 1 665 666 667 AND
2 1 667 808 809 XOR
2 1 128 809 669 XOR
2 1 128 809 668 XOR
2 1 668 669 670 AND
2 1 670 809 810 XOR
2 1 128 810 672 XOR
2 1 128 810 671 XOR
2 1 671 672 673 AND
2 1 673 810 811 XOR
2 1 748 811 187 XOR
2 1 128 811 675 XOR
2 1 128 811 674 XOR
2 1 674 675 676 AND
2 1 676 811 812 XOR
2 1 749 812 188 XOR
2 1 747 810 186 XOR
2 1 128 812 678 XOR
2 1 128 812 677 XOR
2 1 677 678 679 AND
2 1 679 812 813 XOR
2 1 750 813 189 XOR
2 1 746 809 185 XOR
2 1 128 813 681 XOR
2 1 128 813 680 XOR
2 1 680 681 682 AND
2 1 682 813 814 XOR
2 1 745 808 184 XOR
2 1 128 814 683 XOR
2 1 751 814 190 XOR
2 1 744 807 183 XOR
2 1 128 814 684 XOR
2 1 683 684 685 AND
2 1 685 814 815 XOR
2 1 752 815 191 XOR
2 1 743 806 182 XOR
2 1 128 815 687 XOR
2 1 128 815 686 XOR
2 1 686 687 688 AND
2 1 688 815 816 XOR
2 1 753 816 192 XOR
2 1 742 805 181 XOR
2 1 128 816 690 XOR
2 1 128 816 689 XOR
2 1 689 690 691 AND
2 1 691 816 817 XOR
2 1 754 817 193 XOR
2 1 128 193 1066 XOR
2 1 128 192 1065 XOR
2 1 128 191 1064 XOR
2 1 128 190 1063 XOR
2 1 128 189 1062 XOR
2 1 128 188 1061 XOR
2 1 128 187 1060 XOR
2 1 128 186 1059 XOR
2 1 128 185 1058 XOR
2 1 128 184 1057 XOR
2 1 128 183 1056 XOR
2 1 128 182 1055 XOR
2 1 128 181 1054 XOR
2 1 128 180 1053 XOR
2 1 128 179 1052 XOR
2 1 128 178 1051 XOR
2 1 128 177 1050 XOR
2 1 128 176 1049 XOR
2 1 128 175 1048 XOR
2 1 128 174 1047 XOR
2 1 128 173 1046 XOR
2 1 128 172 1045 XOR
2 1 128 171 1044 XOR
2 1 128 170 1043 XOR
2 1 128 169 1042 XOR
2 1 128 168 1041 XOR
2 1 128 167 1040 XOR
2 1 128 166 1039 XOR
2 1 128 165 1038 XOR
2 1 128 164 1037 XOR
2 1 128 163 1036 XOR
2 1 128 162 1035 XOR
2 1 128 161 1034 XOR
2 1 128 160 1033 XOR
2 1 128 159 1032 XOR
2 1 128 158 1031 XOR
2 1 128 157 1030 XOR
2 1 128 156 1029 XOR
2 1 128 155 1028 XOR
2 1 128 154 1027 XOR
2 1 128 153 1026 XOR
2 1 128 152 1025 XOR
2 1 128 151 1024 XOR
2 1 128 150 1023 XOR
2 1 128 149 1022 XOR
2 1 128 148 1021 XOR
2 1 128 147 1020 XOR
2 1 128 146 1019 XOR
2 1 128 145 1018 XOR
2 1 128 144 1017 XOR
2 1 128 143 1016 XOR
2 1 128 142 1015 XOR
2 1 128 141 1014 XOR
2 1 128 140 1013 XOR
2 1 128 139 1012 XOR
2 1 128 138 1011 XOR
2 1 128 137 1010 XOR
2 1 128 136 1009 XOR
2 1 128 135 1008 XOR
2 1 128 134 1007 XOR
2 1 128 133 1006 XOR
2 1 128 132 1005 XOR
2 1 128 131 1004 XOR
2 1 127 130 1193 XOR
2 1 127 130 1067 AND
2 1 131 1067 819 XOR
2 1 128 1067 818 XOR
2 1 818 819 820 AND
2 1 820 1067 1068 XOR
2 1 132 1068 822 XOR
2 1 128 1068 821 XOR
2 1 821 822 823 AND
2 1 823 1068 1069 XOR
2 1 133 1069 825 XOR
2 1 128 1069 824 XOR
2 1 824 825 826 AND
2 1 826 1069 1070 XOR
2 1 134 1070 828 XOR
2 1 128 1070 827 XOR
2 1 827 828 829 AND
2 1 829 1070 1071 XOR
2 1 135 1071 831 XOR
2 1 128 1071 830 XOR
2 1 830 831 832 AND
2 1 832 1071 1072 XOR
2 1 136 1072 834 XOR
2 1 128 1072 833 XOR
2 1 833 834 835 AND
2 1 835 1072 1073 XOR
2 1 137 1073 837 XOR
2 1 128 1073 836 XOR
2 1 836 837 838 AND
2 1 838 1073 1074 XOR
2 1 138 1074 840 XOR
2 1 128 1074 839 XOR
2 1 839 840 841 AND
2 1 841 1074 1075 XOR
2 1 139 1075 843 XOR
2 1 128 1075 842 XOR
2 1 842 843 844 AND
2 1 844 1075 1076 XOR
2 1 140 1076 846 XOR
2 1 128 1076 845 XOR
2 1 845 846 847 AND
2 1 847 1076 1077 XOR
2 1 141 1077 849 XOR
2 1 128 1077 848 XOR
2 1 848 849 850 AND
2 1 850 1077 1078 XOR
2 1 142 1078 852 XOR
2 1 128 1078 851 XOR
2 1 851 852 853 AND
2 1 853 1078 1079 XOR
2 1 143 1079 855 XOR
2 1 128 1079 854 XOR
2 1 854 855 856 AND
2 1 856 1079 1080 XOR
2 1 144 1080 858 XOR
2 1 128 1080 857 XOR
2 1 857 858 859 AND
2 1 859 1080 1081 XOR
2 1 145 1081 861 XOR
2 1 128 1081 860 XOR
2 1 860 861 862 AND
2 1 862 1081 1082 XOR
2 1 146 1082 864 XOR
2 1 128 1082 863 XOR
2 1 863 864 865 AND
2 1 865 1082 1083 XOR
2 1 147 1083 867 XOR
2 1 128 1083 866 XOR
2 1 866 867 868 AND
2 1 868 1083 1084 XOR
2 1 148 1084 870 XOR
2 1 128 1084 869 XOR
2 1 869 870 871 AND
2 1 871 1084 1085 XOR
2 1 149 1085 873 XOR
2 1 128 1085 872 XOR
2 1 872 873 874 AND
2 1 874 1085 1086 XOR
2 1 150 1086 876 XOR
2 1 128 1086 875 XOR
2 1 875 876 877 AND
2 1 877 1086 1087 XOR
2 1 151 1087 879 XOR
2 1 128 1087 878 XOR
2 1 878 879 880 AND
2 1 880 1087 1088 XOR
2 1 152 1088 882 XOR
2 1 128 1088 881 XOR
2 1 881 882 883 AND
2 1 883 1088 1089 XOR
2 1 153 1089 885 XOR
2 1 128 1089 884 XOR
2 1 884 885 886 AND
2 1 886 1089 1090 XOR
2 1 154 1090 888 XOR
2 1 128 1090 887 XOR
2 1 887 888 889 AND
2 1 889 1090 1091 XOR
2 1 155 1091 891 XOR
2 1 128 1091 890 XOR
2 1 890 891 892 AND
2 1 892 1091 1092 XOR
2 1 156 1092 894 XOR
2 1 128 1092 893 XOR
2 1 893 894 895 AND
2 1 895 1092 1093 XOR
2 1 157 1093 897 XOR
2 1 128 1093 896 XOR
2 1 896 897 898 AND
2 1 898 1093 1094 XOR
2 1 1031 1094 156 XOR
2 1 158 1094 900 XOR
2 1 128 1094 899 XOR
2 1 899 900 901 AND
2 1 901 1094 1095 XOR
2 1 1032 1095 157 XOR
2 1 1030 1093 155 XOR
2 1 159 1095 903 XOR
2 1 128 1095 902 XOR
2 1 902 903 904 AND
2 1 904 1095 1096 XOR
2 1 1033 1096 158 XOR
2 1 1029 1092 154 XOR
2 1 160 1096 906 XOR
2 1 128 1096 905 XOR
2 1 905 906 907 AND
2 1 907 1096 1097 XOR
2 1 1028 1091 153 XOR
2 1 128 1097 908 XOR
2 1 1034 1097 159 XOR
2 1 1027 1090 152 XOR
2 1 161 1097 909 XOR
2 1 908 909 910 AND
2 1 910 1097 1098 XOR
2 1 1035 1098 160 XOR
2 1 1026 1089 151 XOR
2 1 162 1098 912 XOR
2 1 128 1098 911 XOR
2 1 911 912 913 AND
2 1 913 1098 1099 XOR
2 1 1036 1099 161 XOR
2 1 1025 1088 150 XOR
2 1 163 1099 915 XOR
2 1 128 1099 914 XOR
2 1 914 915 916 AND
2 1 916 1099 1100 XOR
2 1 1037 1100 162 XOR
2 1 1024 1087 149 XOR
2 1 164 1100 918 XOR
2 1 128 1100 917 XOR
2 1 917 918 919 AND
2 1 919 1100 1101 XOR
2 1 1023 1086 148 XOR
2 1 128 1101 920 XOR
2 1 1038 1101 163 XOR
2 1 1022 1085 147 XOR
2 1 165 1101 921 XOR
2 1 920 921 922 AND
2 1 922 1101 1102 XOR
2 1 1039 1102 164 XOR
2 1 1021 1084 146 XOR
2 1 166 1102 924 XOR
2 1 128 1102 923 XOR
2 1 923 924 925 AND
2 1 925 1102 1103 XOR
2 1 1040 1103 165 XOR
2 1 1020 1083 145 XOR
2 1 167 1103 927 XOR
2 1 128 1103 926 XOR
2 1 926 927 928 AND
2 1 928 1103 1104 XOR
2 1 1041 1104 166 XOR
2 1 1019 1082 144 XOR
2 1 168 1104 930 XOR
2 1 128 1104 929 XOR
2 1 929 930 931 AND
2 1 931 1104 1105 XOR
2 1 1018 1081 143 XOR
2 1 128 1105 932 XOR
2 1 1042 1105 167 XOR
2 1 1017 1080 142 XOR
2 1 169 1105 933 XOR
2 1 932 933 934 AND
2 1 934 1105 1106 XOR
2 1 1043 1106 168 XOR
2 1 1016 1079 141 XOR
2 1 170 1106 936 XOR
2 1 128 1106 935 XOR
2 1 935 936 937 AND
2 1 937 1106 1107 XOR
2 1 1044 1107 169 XOR
2 1 1015 1078 140 XOR
2 1 171 1107 939 XOR
2 1 128 1107 938 XOR
2 1 938 939 940 AND
2 1 940 1107 1108 XOR
2 1 1045 1108 170 XOR
2 1 1014 1077 139 XOR
2 1 172 1108 942 XOR
2 1 128 1108 941 XOR
2 1 941 942 943 AND
2 1 943 1108 1109 XOR
2 1 1013 1076 138 XOR
2 1 128 1109 944 XOR
2 1 1046 1109 171 XOR
2 1 1012 1075 137 XOR
2 1 173 1109 945 XOR
2 1 944 945 946 AND
2 1 946 1109 1110 XOR
2 1 1047 1110 172 XOR
2 1 1011 1074 136 XOR
2 1 174 1110 948 XOR
2 1 128 1110 947 XOR
2 1 947 948 949 AND
2 1 949 1110 1111 XOR
2 1 1048 1111 173 XOR
2 1 1010 1073 135 XOR
2 1 175 1111 951 XOR
2 1 128 1111 950 XOR
2 1 950 951 952 AND
2 1 952 1111 1112 XOR
2 1 1049 1112 174 XOR
2 1 1009 1072 134 XOR
2 1 176 1112 954 XOR
2 1 128 1112 953 XOR
2 1 953 954 955 AND
2 1 955 1112 1113 XOR
2 1 1008 1071 133 XOR
2 1 128 1113 956 XOR
2 1 1050 1113 175 XOR
2 1 1007 1070 132 XOR
2 1 177 1113 957 XOR
2 1 956 957 958 AND
2 1 958 1113 1114 XOR
2 1 1051 1114 176 XOR
2 1 1006 1069 131 XOR
2 1 178 1114 960 XOR
2 1 128 1114 959 XOR
2 1 959 960 961 AND
2 1 961 1114 1115 XOR
2 1 1052 1115 177 XOR
2 1 1005 1068 130 XOR
2 1 179 1115 963 XOR
2 1 128 1115 962 XOR
2 1 962 963 964 AND
2 1 964 1115 1116 XOR
2 1 1053 1116 178 XOR
2 1 1004 1067 1194 XOR
2 1 180 1116 966 XOR
2 1 128 1116 965 XOR
2 1 965 966 967 AND
2 1 967 1116 1117 XOR
2 1 181 1117 969 XOR
2 1 128 1117 968 XOR
2 1 968 969 970 AND
2 1 970 1117 1118 XOR
2 1 182 1118 972 XOR
2 1 128 1118 971 XOR
2 1 971 972 973 AND
2 1 973 1118 1119 XOR
2 1 183 1119 975 XOR
2 1 128 1119 974 XOR
2 1 974 975 976 AND
2 1 976 1119 1120 XOR
2 1 184 1120 978 XOR
2 1 128 1120 977 XOR
2 1 977 978 979 AND
2 1 979 1120 1121 XOR
2 1 185 1121 981 XOR
2 1 128 1121 980 XOR
2 1 980 981 982 AND
2 1 982 1121 1122 XOR
2 1 186 1122 984 XOR
2 1 128 1122 983 XOR
2 1 983 984 985 AND
2 1 985 1122 1123 XOR
2 1 1060 1123 185 XOR
2 1 187 1123 987 XOR
2 1 128 1123 986 XOR
2 1 986 987 988 AND
2 1 988 1123 1124 XOR
2 1 1061 1124 186 XOR
2 1 1059 1122 184 XOR
2 1 188 1124 990 XOR
2 1 128 1124 989 XOR
2 1 989 990 991 AND
2 1 991 1124 1125 XOR
2 1 1062 1125 187 XOR
2 1 1058 1121 183 XOR
2 1 189 1125 993 XOR
2 1 128 1125 992 XOR
2 1 992 993 994 AND
2 1 994 1125 1126 XOR
2 1 1057 1120 182 XOR
2 1 128 1126 995 XOR
2 1 1063 1126 188 XOR
2 1 1056 1119 181 XOR
2 1 190 1126 996 XOR
2 1 995 996 997 AND
2 1 997 1126 1127 XOR
2 1 1064 1127 189 XOR
2 1 1055 1118 180 XOR
2 1 191 1127 999 XOR
2 1 128 1127 998 XOR
2 1 998 999 1000 AND
2 1 1000 1127 1128 XOR
2 1 1065 1128 190 XOR
2 1 1054 1117 179 XOR
2 1 192 1128 1002 XOR
2 1 128 1128 1001 XOR
2 1 1001 1002 1003 AND
2 1 1003 1128 1129 XOR
2 1 1066 1129 191 XOR